// Game: DeadStars
// Format: Valve
// entity 0
{
"mapversion" "220"
"wad" ""
"classname" "worldspawn"
// brush 0
{
( -64 64 16 ) ( -64 -64 16 ) ( -64 -64 -16 ) __TB_empty [ 0 -1 0 0 ] [ 0 0 -1 0 ] 0 0.125 0.125
( -64 -64 16 ) ( 208 -64 16 ) ( 208 -64 -16 ) __TB_empty [ 1 0 0 0 ] [ 0 0 -1 0 ] 0 0.125 0.125
( 208 -64 -16 ) ( 208 64 -16 ) ( -64 64 -16 ) __TB_empty [ -1 0 0 0 ] [ 0 -1 0 0 ] 0 0.125 0.125
( -64 64 16 ) ( 208 64 16 ) ( 208 -64 16 ) __TB_empty [ 1 0 0 0 ] [ 0 -1 0 0 ] 0 0.125 0.125
( 208 64 -16 ) ( 208 64 16 ) ( -64 64 16 ) __TB_empty [ -1 0 0 0 ] [ 0 0 -1 0 ] 0 0.125 0.125
( 208 -64 16 ) ( 208 64 16 ) ( 208 64 -16 ) __TB_empty [ 0 1 0 0 ] [ 0 0 -1 0 ] 0 0.125 0.125
}
// brush 1
{
( 160 64 48 ) ( 160 48 48 ) ( 160 48 16 ) Door01 [ 0 -1 1.6653345369377348e-16 0 ] [ 0 -1.6653345369377348e-16 -1 -128 ] 270 0.125 0.125
( 160 48 48 ) ( 176 48 48 ) ( 176 48 16 ) Door01 [ 1 0 1.6653345369377348e-16 -128 ] [ 1.6653345369377348e-16 0 -1 -128 ] 270 0.125 0.125
( 176 48 16 ) ( 176 64 16 ) ( 160 64 16 ) Door01 [ -1 1.6653345369377348e-16 0 128 ] [ -1.6653345369377348e-16 -1 0 -128 ] 270 0.125 0.125
( 160 64 48 ) ( 176 64 48 ) ( 176 48 48 ) Door01 [ 1 1.6653345369377348e-16 0 -128 ] [ 1.6653345369377348e-16 -1 0 -128 ] 270 0.125 0.125
( 176 64 16 ) ( 176 64 48 ) ( 160 64 48 ) Door01 [ -1 0 1.6653345369377348e-16 128 ] [ -1.6653345369377348e-16 0 -1 -128 ] 270 0.125 0.125
( 176 48 48 ) ( 176 64 48 ) ( 176 64 16 ) Door01 [ 0 1 1.6653345369377348e-16 0 ] [ 0 1.6653345369377348e-16 -1 -128 ] 270 0.125 0.125
}
// brush 2
{
( -64 -48 96 ) ( -64 -64 96 ) ( -64 -64 16 ) Concrete05 [ 0 -1 0 0 ] [ 0 0 -1 0 ] 0 0.125 0.125
( -64 -64 96 ) ( 208 -64 96 ) ( 208 -64 16 ) Concrete05 [ 1 0 0 0 ] [ 0 0 -1 0 ] 0 0.125 0.125
( 208 -64 16 ) ( 208 -48 16 ) ( -64 -48 16 ) Concrete05 [ -1 0 0 0 ] [ 0 -1 0 0 ] 0 0.125 0.125
( -64 -48 96 ) ( 208 -48 96 ) ( 208 -64 96 ) Concrete05 [ 1 0 0 0 ] [ 0 -1 0 0 ] 0 0.125 0.125
( 208 -48 16 ) ( 208 -48 96 ) ( -64 -48 96 ) Concrete05 [ -1 0 0 0 ] [ 0 0 -1 0 ] 0 0.125 0.125
( 208 -64 96 ) ( 208 -48 96 ) ( 208 -48 16 ) Concrete05 [ 0 1 0 0 ] [ 0 0 -1 0 ] 0 0.125 0.125
}
}
